0.00744	0.00831	0.00929	0.0104	0.0115	0.0128	0.0142	0.0156	0.0171	0.0186	0.0201	0.0216	0.0229	0.0242	0.0253	0.0261	0.0268	0.0272	0.0274	0.0273	0.027
0.00771	0.0086	0.0096	0.0107	0.0119	0.0132	0.0146	0.0161	0.0176	0.0191	0.0207	0.0222	0.0236	0.0248	0.0259	0.0268	0.0275	0.028	0.0281	0.028	0.0277
0.00789	0.00879	0.0098	0.0109	0.0121	0.0135	0.0149	0.0164	0.0179	0.0195	0.021	0.0225	0.0239	0.0252	0.0263	0.0272	0.0279	0.0284	0.0285	0.0284	0.0281
0.00797	0.00888	0.00989	0.011	0.0122	0.0135	0.015	0.0164	0.018	0.0195	0.0211	0.0225	0.0239	0.0252	0.0263	0.0273	0.0279	0.0284	0.0286	0.0285	0.0281
0.00796	0.00885	0.00985	0.011	0.0122	0.0135	0.0149	0.0163	0.0178	0.0193	0.0209	0.0223	0.0237	0.025	0.0261	0.027	0.0276	0.0281	0.0283	0.0282	0.0278
0.00785	0.00872	0.00969	0.0108	0.0119	0.0132	0.0146	0.016	0.0175	0.0189	0.0204	0.0218	0.0232	0.0244	0.0255	0.0263	0.027	0.0274	0.0276	0.0275	0.0272
0.00764	0.00848	0.00942	0.0105	0.0116	0.0128	0.0141	0.0155	0.0169	0.0183	0.0197	0.0211	0.0224	0.0236	0.0246	0.0254	0.0261	0.0265	0.0266	0.0266	0.0262
0.00735	0.00815	0.00905	0.01	0.0111	0.0123	0.0135	0.0148	0.0161	0.0175	0.0188	0.0201	0.0214	0.0225	0.0234	0.0242	0.0248	0.0252	0.0254	0.0253	0.025
0.00698	0.00774	0.00858	0.0095	0.0105	0.0116	0.0128	0.014	0.0152	0.0165	0.0178	0.019	0.0201	0.0212	0.0221	0.0228	0.0234	0.0237	0.0239	0.0238	0.0235
0.00655	0.00725	0.00803	0.00889	0.00983	0.0108	0.0119	0.013	0.0142	0.0154	0.0165	0.0177	0.0187	0.0197	0.0205	0.0212	0.0217	0.0221	0.0222	0.0222	0.0219
0.00607	0.00671	0.00743	0.00822	0.00908	0.01	0.011	0.012	0.0131	0.0141	0.0152	0.0162	0.0172	0.0181	0.0189	0.0195	0.02	0.0203	0.0204	0.0203	0.0201
0.00556	0.00614	0.00679	0.0075	0.00828	0.00911	0.01	0.0109	0.0119	0.0129	0.0138	0.0147	0.0156	0.0164	0.0171	0.0177	0.0181	0.0184	0.0185	0.0185	0.0182
0.00502	0.00555	0.00613	0.00677	0.00746	0.0082	0.009	0.00983	0.0107	0.0115	0.0124	0.0132	0.014	0.0147	0.0153	0.0158	0.0162	0.0165	0.0166	0.0165	0.0163
0.00449	0.00495	0.00546	0.00603	0.00664	0.0073	0.00799	0.00873	0.00948	0.0102	0.011	0.0117	0.0124	0.013	0.0136	0.014	0.0144	0.0146	0.0147	0.0146	0.0145
0.00396	0.00436	0.00481	0.0053	0.00583	0.00641	0.00702	0.00765	0.00831	0.00897	0.00962	0.0103	0.0109	0.0114	0.0119	0.0123	0.0126	0.0127	0.0128	0.0128	0.0127
0.00345	0.0038	0.00418	0.00461	0.00507	0.00556	0.00608	0.00663	0.00719	0.00776	0.00832	0.00887	0.00938	0.00985	0.0103	0.0106	0.0108	0.011	0.0111	0.011	0.0109
0.00297	0.00326	0.00359	0.00395	0.00434	0.00476	0.00521	0.00567	0.00615	0.00663	0.00711	0.00757	0.00801	0.0084	0.00875	0.00903	0.00925	0.00938	0.00944	0.00942	0.00932
0.00252	0.00277	0.00305	0.00335	0.00368	0.00403	0.0044	0.00479	0.00519	0.0056	0.006	0.00639	0.00675	0.00708	0.00737	0.00761	0.00779	0.0079	0.00795	0.00794	0.00785
0.00212	0.00232	0.00255	0.00281	0.00308	0.00337	0.00368	0.004	0.00433	0.00467	0.005	0.00532	0.00562	0.00589	0.00613	0.00633	0.00648	0.00658	0.00662	0.0066	0.00653
0.00175	0.00193	0.00211	0.00232	0.00254	0.00278	0.00304	0.0033	0.00357	0.00384	0.00411	0.00438	0.00462	0.00485	0.00504	0.0052	0.00532	0.0054	0.00544	0.00543	0.00537
0.00144	0.00158	0.00173	0.0019	0.00208	0.00227	0.00247	0.00269	0.00291	0.00313	0.00335	0.00356	0.00376	0.00394	0.00409	0.00422	0.00432	0.00439	0.00441	0.0044	0.00436
